condH = 1/8*logf((1/8)/1/2) + 1/16*logf((1/16)/1/4) + 2*(1/32*logf((1/32)/1/8))+...
    1/16*logf(1/16/1/2) +   1/8*logf(1/8/1/4)   + 2*(1/32*logf((1/32)/1/8)) + ...
    1/16*logf((1/16)/1/2) +   1/16*logf((1/16)/1/4) + 2*(1/16*logf((1/16)/1/8)) + ...
    1/4*logf(1/4/1/2)